1490744856.64
1490744868.27
1490744868.91
1490744883.75
1490744886.48
1490744887.85
1490745003.16
1490745009.74
1490745010.56
1490745015.76
1490745020.31
1490745030.66
1490745041.54
1490745049.74
1490745057.63
1490745061.76
1490745068.08
1490745070.2
1490745077.55
1490745081.73
1490745085.44
1490745091.19
1490745095.95
1490745101.25
1490745103.15
1490745113.67
1490745113.86
1490745121.49
1490745128.85
1490745135.5
1490745135.52
1490745142.02
1490745146.07
1490745146.15
1490745153.5
1490745161.34
1490745161.94
1490745162.58
1490745163.77
1490745168.3
1490745169.3
1490745170.71
1490745181.28
1490745184.11
1490745184.7
1490745199.58
1490745206.5
1490745210.49
1490745214.16
1490745214.31
